300
0 762 363 0 13.0696
1 847 416 0 13.668
2 846 367 0 1.94864
3 806 365 0 4.02451
4 778 412 0 4.37126
5 823 354 0 5.5988
6 769 387 0 11.1741
7 805 415 0 17.2921
8 833 388 0 14.5047
9 811 363 0 4.14686
10 808 402 0 16.3666
11 805 367 0 18.4269
12 797 358 0 7.95532
13 781 363 0 11.5608
14 762 359 0 13.4077
15 773 362 0 5.90149
16 789 341 0 1.12409
17 805 397 0 17.5327
18 817 377 0 11.0929
19 788 357 0 17.6557
20 859 380 0 16.4362
21 818 434 0 5.80059
22 830 342 0 16.7244
23 808 412 0 9.53716
24 799 366 0 13.1682
25 852 363 0 18.9789
26 790 348 0 7.63234
27 854 422 0 18.4918
28 854 338 0 15.3038
29 853 429 0 15.011
30 774 374 0 18.6716
31 770 431 0 6.64486
32 767 371 0 1.17338
33 859 378 0 18.1717
34 851 409 0 10.2075
35 839 356 0 7.93677
36 856 404 0 3.17676
37 764 356 0 13.0029
38 842 408 0 7.64046
39 824 373 0 11.4675
40 842 382 0 1.35835
41 838 344 0 8.1026
42 802 386 0 5.98209
43 808 368 0 13.2047
44 817 384 0 2.12259
45 818 361 0 3.16923
46 826 428 0 16.5296
47 796 427 0 12.2167
48 796 419 0 18.8733
49 856 418 0 1.20875
50 848 351 0 15.1594
51 769 358 0 3.07993
52 822 339 0 3.84417
53 826 373 0 8.31135
54 826 359 0 17.277
55 836 420 0 6.62456
56 766 375 0 17.9276
57 788 341 0 10.8963
58 793 348 0 19.953
59 790 352 0 19.6631
60 813 427 0 3.7485
61 802 426 0 5.84814
62 769 403 0 17.2724
63 798 382 0 1.87152
64 851 419 0 18.7991
65 788 435 0 16.4316
66 793 429 0 19.4364
67 839 399 0 8.47487
68 768 358 0 8.8883
69 839 427 0 17.4005
70 797 380 0 15.6413
71 828 377 0 16.8845
72 775 399 0 16.7076
73 767 361 0 6.21171
74 770 403 0 1.26557
75 823 432 0 11.9546
76 848 357 0 19.7785
77 796 399 0 10.7415
78 817 384 0 9.40611
79 767 395 0 11.0123
80 818 367 0 7.57262
81 786 336 0 4.41127
82 796 398 0 1.27601
83 853 391 0 4.31327
84 803 342 0 5.08563
85 797 384 0 13.1375
86 807 353 0 11.5208
87 769 404 0 5.08042
88 801 412 0 6.63964
89 767 419 0 4.99982
90 831 338 0 3.9555
91 812 410 0 13.7822
92 844 415 0 2.19855
93 842 401 0 18.0476
94 791 349 0 4.78063
95 825 370 0 14.8121
96 838 407 0 2.98483
97 804 356 0 3.13559
98 829 426 0 6.78982
99 842 363 0 19.2166
100 773 365 0 1.66509
101 837 376 0 8.2093
102 777 350 0 2.60735
103 805 435 0 5.63128
104 848 365 0 1.89587
105 799 383 0 9.93667
106 806 348 0 1.48939
107 836 374 0 1.0893
108 779 382 0 14.5111
109 823 431 0 19.096
110 850 357 0 7.7112
111 812 357 0 1.84021
112 837 415 0 3.12226
113 805 400 0 12.626
114 765 382 0 5.08448
115 852 394 0 13.8553
116 796 384 0 18.4303
117 832 434 0 14.746
118 836 413 0 1.62276
119 845 417 0 8.16523
120 827 384 0 10.0074
121 780 402 0 13.0482
122 792 424 0 7.89734
123 832 432 0 13.6854
124 821 361 0 10.8534
125 846 412 0 12.9722
126 828 432 0 3.10544
127 778 384 0 9.68792
128 768 391 0 12.4903
129 854 374 0 11.5666
130 810 426 0 9.39161
131 836 355 0 11.5817
132 799 423 0 16.8868
133 773 429 0 3.94391
134 763 346 0 5.44108
135 848 345 0 12.143
136 793 362 0 19.9867
137 815 349 0 12.3332
138 794 341 0 8.89352
139 786 351 0 19.8678
140 766 369 0 14.1296
141 834 422 0 4.1428
142 778 356 0 1.58797
143 763 398 0 8.59316
144 849 345 0 11.1399
145 799 427 0 11.9308
146 849 393 0 8.19016
147 833 345 0 1.04813
148 858 363 0 2.36555
149 762 407 0 17.6957
150 817 403 0 2.21711
151 811 403 0 5.48399
152 784 346 0 9.45308
153 794 358 0 9.39277
154 857 343 0 7.00262
155 817 393 0 9.05066
156 780 424 0 9.1301
157 812 336 0 19.0809
158 803 350 0 8.62447
159 791 401 0 13.0656
160 797 381 0 18.7916
161 763 387 0 18.6014
162 776 383 0 10.3333
163 763 426 0 9.83636
164 836 430 0 12.1505
165 793 428 0 14.2102
166 779 373 0 16.511
167 853 396 0 19.194
168 856 424 0 8.76015
169 771 360 0 7.05133
170 810 432 0 9.68676
171 767 358 0 8.38905
172 829 431 0 6.66167
173 794 357 0 8.8883
174 799 368 0 12.6475
175 853 391 0 3.5096
176 769 390 0 6.9603
177 831 398 0 7.99939
178 835 349 0 14.1708
179 812 364 0 7.07917
180 816 380 0 8.59954
181 845 402 0 17.6412
182 791 369 0 2.40846
183 811 395 0 10.9856
184 825 411 0 13.1177
185 857 423 0 6.98175
186 797 357 0 17.466
187 787 412 0 4.40141
188 825 371 0 12.6672
189 771 362 0 17.9253
190 785 379 0 11.1828
191 798 392 0 18.8536
192 796 336 0 1.08292
193 835 360 0 1.70858
194 858 381 0 14.6758
195 819 364 0 15.0887
196 843 390 0 19.274
197 768 429 0 1.70858
198 789 415 0 2.65432
199 818 367 0 14.906
200 800 339 0 8.71725
201 804 387 0 7.33372
202 819 398 0 12.0473
203 824 434 0 16.5986
204 855 385 0 16.3545
205 796 433 0 10.4307
206 848 359 0 17.9705
207 818 399 0 2.17014
208 825 340 0 11.6403
209 845 361 0 7.09946
210 799 397 0 10.5705
211 763 410 0 11.9783
212 859 340 0 11.0587
213 769 434 0 1.32878
214 845 432 0 3.76937
215 797 417 0 5.96121
216 822 342 0 17.8603
217 793 400 0 19.3552
218 772 357 0 1.44823
219 812 346 0 19.1041
220 826 367 0 16.3191
221 776 397 0 1.15076
222 778 373 0 13.0951
223 838 414 0 7.30531
224 852 372 0 3.28114
225 852 423 0 14.9536
226 776 430 0 11.4489
227 852 401 0 5.2909
228 842 407 0 11.2918
229 800 406 0 15.2342
230 798 431 0 19.1801
231 845 427 0 11.7423
232 802 346 0 11.0778
233 825 361 0 8.01852
234 779 344 0 8.12232
235 856 356 0 14.2844
236 796 348 0 8.67144
237 858 364 0 14.9628
238 804 371 0 7.10584
239 800 379 0 6.49989
240 762 336 0 15.9521
241 761 430 0 16.0906
242 806 413 0 6.90347
243 809 386 0 10.6203
244 843 348 0 19.8869
245 848 435 0 3.60005
246 802 393 0 1.34037
247 823 386 0 15.0475
248 760 355 0 9.25999
249 805 354 0 3.64586
250 834 363 0 19.0827
251 820 392 0 11.3683
252 817 383 0 13.1607
253 814 363 0 8.49806
254 832 365 0 10.1448
255 853 419 0 2.01764
256 767 357 0 1.0174
257 773 372 0 17.9926
258 843 370 0 11.6507
259 762 406 0 11.2396
260 822 391 0 16.4583
261 818 347 0 18.6739
262 851 363 0 19.862
263 839 336 0 8.51082
264 858 339 0 14.7784
265 828 385 0 4.53536
266 836 404 0 12.027
267 816 343 0 5.0781
268 770 342 0 4.2982
269 830 380 0 19.771
270 783 426 0 1.07132
271 841 376 0 4.76788
272 840 371 0 18.3886
273 777 381 0 4.42692
274 815 399 0 15.6534
275 829 430 0 12.7234
276 789 417 0 5.44746
277 825 349 0 12.3906
278 828 431 0 2.6317
279 843 406 0 11.2239
280 841 421 0 18.6136
281 773 419 0 12.5831
282 826 424 0 19.4665
283 789 391 0 11.2489
284 800 394 0 13.4854
285 796 397 0 13.7996
286 833 365 0 10.5849
287 787 347 0 12.9322
288 859 411 0 15.6447
289 836 368 0 9.07675
290 761 367 0 10.2481
291 806 392 0 2.5743
292 838 353 0 4.24659
293 779 356 0 5.00851
294 834 426 0 8.94455
295 808 347 0 9.36378
296 776 366 0 7.47578
297 783 421 0 11.9105
298 827 340 0 2.84567
299 808 354 0 7.45665
