300
0 396 327 0 6.73299
1 608 251 0 13.2604
2 596 310 0 13.0209
3 381 212 0 12.4816
4 366 237 0 2.84451
5 344 320 0 2.01416
6 631 255 0 5.31294
7 679 239 0 5.71419
8 466 256 0 12.0143
9 349 335 0 15.643
10 331 200 0 3.67776
11 372 272 0 8.54677
12 526 294 0 11.5255
13 448 232 0 10.7763
14 344 223 0 14.8956
15 474 320 0 6.45814
16 739 329 0 13.8286
17 647 217 0 11.4802
18 321 279 0 8.49574
19 625 334 0 13.7666
20 317 227 0 16.126
21 597 205 0 19.3453
22 557 217 0 9.68212
23 564 306 0 8.67608
24 536 284 0 8.47719
25 330 307 0 15.4975
26 637 289 0 9.40843
27 624 297 0 16.9488
28 674 326 0 16.0848
29 343 258 0 8.81118
30 709 275 0 14.0339
31 369 332 0 18.2251
32 386 303 0 8.9086
33 756 221 0 18.1039
34 646 206 0 15.4424
35 704 212 0 4.53767
36 688 218 0 15.2777
37 351 321 0 18.5939
38 429 283 0 14.053
39 308 281 0 17.037
40 542 282 0 6.64138
41 756 263 0 6.40074
42 698 234 0 8.60939
43 459 326 0 15.4638
44 528 225 0 4.13004
45 481 307 0 2.38121
46 341 214 0 9.16779
47 350 245 0 14.4056
48 479 284 0 12.0682
49 610 223 0 16.0587
50 669 207 0 6.17981
51 660 334 0 17.8615
52 730 223 0 1.10669
53 453 202 0 18.9516
54 623 319 0 9.08719
55 692 200 0 15.1466
56 744 253 0 2.12781
57 323 216 0 5.06882
58 378 288 0 11.3231
59 398 283 0 6.67269
60 633 216 0 1.57347
61 344 306 0 16.8578
62 546 307 0 14.1348
63 432 228 0 18.6321
64 726 223 0 3.36
65 495 324 0 5.37788
66 545 275 0 4.12888
67 501 262 0 18.1149
68 544 319 0 5.03577
69 446 267 0 10.9995
70 370 254 0 16.9529
71 665 225 0 10.6986
72 626 208 0 6.32826
73 718 247 0 1.38618
74 569 334 0 11.0036
75 328 248 0 4.0303
76 746 275 0 6.75271
77 499 309 0 5.06186
78 538 226 0 6.58861
79 500 295 0 5.43818
80 719 307 0 15.4221
81 555 204 0 10.3298
82 512 333 0 5.43471
83 380 247 0 3.1095
84 562 289 0 10.7259
85 583 302 0 1.83209
86 464 265 0 12.9478
87 742 218 0 3.85229
88 680 217 0 6.03137
89 356 210 0 3.53221
90 376 210 0 1.14148
91 592 304 0 19.9884
92 695 310 0 7.06003
93 467 208 0 6.39204
94 604 324 0 1.62856
95 478 288 0 2.39048
96 340 330 0 17.0996
97 509 330 0 10.5368
98 365 285 0 14.5911
99 759 267 0 11.2187
100 569 215 0 8.70449
101 617 269 0 3.18256
102 440 284 0 18.1277
103 414 269 0 13.359
104 507 323 0 18.0471
105 532 261 0 7.10642
106 736 305 0 10.8917
107 323 246 0 16.1208
108 324 217 0 14.5645
109 737 264 0 1.9469
110 664 328 0 11.4211
111 502 268 0 2.20667
112 619 291 0 6.07254
113 741 305 0 5.10593
114 330 200 0 4.06626
115 750 272 0 14.5007
116 569 263 0 12.9896
117 436 280 0 19.5471
118 359 319 0 1.92544
119 623 270 0 7.68627
120 599 323 0 10.8308
121 533 299 0 2.25364
122 683 247 0 7.69381
123 376 246 0 5.25089
124 355 203 0 6.63732
125 639 268 0 16.6525
126 677 203 0 4.82586
127 634 227 0 7.88632
128 463 307 0 6.48076
129 633 214 0 19.7518
130 535 230 0 6.92956
131 581 310 0 1.82397
132 723 317 0 1.71264
133 693 310 0 17.3106
134 753 236 0 12.7843
135 709 308 0 7.14411
136 447 224 0 16.1121
137 570 215 0 18.7893
138 510 317 0 8.90048
139 743 291 0 1.57579
140 490 289 0 18.5794
141 354 208 0 12.3842
142 579 203 0 19.0218
143 576 206 0 1.83093
144 733 256 0 9.54643
145 579 333 0 18.9203
146 502 252 0 19.4741
147 391 237 0 4.99402
148 373 310 0 9.74822
149 682 321 0 7.87182
150 719 218 0 4.77483
151 431 237 0 15.0098
152 313 297 0 12.5141
153 571 291 0 19.3204
154 331 272 0 3.40175
155 719 303 0 8.78973
156 733 228 0 8.24235
157 629 249 0 9.09589
158 690 247 0 5.1297
159 758 276 0 9.97262
160 508 236 0 9.20258
161 314 297 0 7.91415
162 463 328 0 17.8424
163 405 240 0 10.8749
164 748 272 0 12.3332
165 346 239 0 16.7702
166 633 268 0 6.22562
167 591 207 0 5.65099
168 724 311 0 18.1839
169 354 225 0 1.37806
170 483 218 0 6.24998
171 463 257 0 8.20814
172 415 237 0 5.65621
173 648 312 0 15.941
174 733 235 0 15.8407
175 673 254 0 13.8982
176 709 207 0 18.7145
177 471 306 0 2.02054
178 386 209 0 12.6515
179 642 281 0 6.51787
180 301 245 0 17.6974
181 454 211 0 14.8051
182 703 266 0 3.3455
183 451 241 0 7.65322
184 566 262 0 12.4126
185 718 205 0 4.53594
186 550 248 0 18.2842
187 705 302 0 3.89752
188 434 230 0 15.6552
189 506 326 0 19.3993
190 698 239 0 13.0377
191 430 227 0 14.9727
192 360 318 0 11.3069
193 450 292 0 14.6335
194 377 207 0 8.61925
195 629 213 0 5.28336
196 634 331 0 7.68221
197 470 317 0 1.16642
198 455 287 0 13.8484
199 665 211 0 15.9434
200 710 290 0 9.26463
201 398 210 0 3.53859
202 684 221 0 4.75454
203 619 331 0 10.7966
204 438 275 0 15.498
205 461 211 0 9.40147
206 324 284 0 17.4231
207 467 260 0 3.46553
208 671 273 0 12.7895
209 432 312 0 7.37779
210 621 287 0 2.1858
211 496 309 0 15.9689
212 463 206 0 11.3741
213 567 281 0 10.56
214 518 245 0 8.57924
215 692 239 0 17.916
216 736 325 0 17.2011
217 374 266 0 10.4255
218 630 225 0 6.94986
219 756 242 0 4.83978
220 608 242 0 9.49947
221 645 271 0 5.45558
222 422 256 0 11.1404
223 341 249 0 3.67718
224 380 201 0 4.17991
225 632 256 0 11.2379
226 405 263 0 17.1442
227 686 291 0 11.9308
228 614 252 0 7.72048
229 419 267 0 6.32594
230 721 219 0 4.1399
231 346 262 0 19.5558
232 712 265 0 17.7026
233 368 295 0 5.65447
234 584 217 0 6.82055
235 459 326 0 6.0882
236 679 259 0 7.65032
237 317 222 0 6.77068
238 519 232 0 11.4054
239 743 310 0 5.05954
240 756 299 0 14.3308
241 549 241 0 19.6793
242 363 248 0 7.25834
243 747 266 0 14.2125
244 753 253 0 18.1619
245 756 322 0 1.57115
246 502 229 0 3.51308
247 431 294 0 14.5651
248 678 310 0 19.8979
249 391 230 0 2.22987
250 681 210 0 19.6045
251 331 299 0 9.84854
252 346 219 0 4.24427
253 338 268 0 18.3811
254 636 257 0 11.1236
255 447 213 0 7.3459
256 481 335 0 3.55193
257 522 318 0 14.775
258 574 303 0 5.89511
259 427 301 0 3.66616
260 703 258 0 9.25129
261 311 221 0 9.29014
262 684 288 0 12.6858
263 614 271 0 10.4887
264 590 325 0 1.18671
265 462 272 0 14.8266
266 472 324 0 15.4505
267 571 233 0 12.8017
268 584 240 0 13.5039
269 580 261 0 1.27137
270 316 256 0 14.5204
271 629 326 0 8.67376
272 655 251 0 13.2395
273 521 325 0 12.3303
274 508 214 0 9.64327
275 303 270 0 4.08191
276 390 229 0 4.28486
277 599 267 0 11.4918
278 662 315 0 19.2769
279 513 304 0 16.8375
280 719 301 0 18.8664
281 314 330 0 9.91232
282 712 295 0 12.045
283 685 275 0 1.12525
284 368 307 0 10.2017
285 561 234 0 12.5054
286 402 225 0 15.7648
287 431 229 0 12.7084
288 594 205 0 11.4959
289 316 273 0 12.0096
290 349 223 0 13.9434
291 578 244 0 13.3097
292 704 220 0 4.9227
293 565 320 0 4.32197
294 645 326 0 9.16141
295 336 258 0 14.2148
296 678 274 0 17.7537
297 490 274 0 7.87588
298 537 205 0 15.2383
299 578 215 0 14.6219
